20,2
20,1
20,3
19,2
19,1
19,3
18,2
18,1
18,3
355,3
355,2
355,1
355,0
354,3
354,2
354,1
354,0
353,3
353,2
353,1
353,0
352,3
352,2
352,1
352,0
351,3
351,2
351,1
351,0
350,3
350,2
350,1
350,0
349,3
349,2
349,1
349,0
348,3
348,2
348,1
348,0
347,3
347,2
347,1
347,0
346,13
346,12
346,11
346,10
346,9
346,8
346,7
346,6
346,5
346,4
346,3
346,2
346,1
346,0
345,7
345,6
345,5
345,4
345,3
345,2
345,1
345,0
344,5
344,4
344,3
344,2
344,1
344,0
343,86
343,85
343,84
343,83
343,82
343,81
343,80
343,79
343,78
343,77
343,76
343,75
343,74
343,73
343,72
343,71
343,70
343,69
343,68
343,67
343,66
343,65
343,64
343,40
343,39
343,38
343,37
343,36
343,35
343,34
343,33
343,32
343,31
343,30
343,29
343,28
343,27
343,26
343,25
343,24
343,23
343,22
343,21
343,20
343,19
